1.000000000000000000e+00 0.000000000000000000e+00
1.000000000000000000e+00 5.882352963089942932e-02
1.000000000000000000e+00 1.176470592617988586e-01
1.000000000000000000e+00 1.764705926179885864e-01
1.000000000000000000e+00 2.352941185235977173e-01
1.000000000000000000e+00 2.941176593303680420e-01
1.000000000000000000e+00 3.529411852359771729e-01
1.000000000000000000e+00 4.117647111415863037e-01
1.000000000000000000e+00 4.705882370471954346e-01
9.000000000000000222e-01 4.705882370471954346e-01
9.000000000000000222e-01 5.294117927551269531e-01
0.000000000000000000e+00 1.000000000000000000e+00
